1	Виктор Баринов#9950	10	125	159	9	303
2	а#9216	10.5	68	54	0	132.5
3	Камилка#7861	45	21	23	0	89
4	лена#1244	6	58	17	3	84
5	васян юч две тысячи десять#3863	0	59	1	0	60
6	софия#9490	0	3	40	12	55
7	аннет#688	36.5	0	16	0	52.5
8	Маша#5454	5	32	14	0	51
9	Rasl#7485	0	43	0	0	43
10	Даты 🕰#7690	1	29	9	0	39
11	лиза#8968	2	31	0	3	36
12	Дембобо#224	0	34	0	0	34
13	красотка мне семьдесят лет куда ввести то мой ник#1064	0	33	0	0	33
14	тра та та#6764	0	0	32	0	32
15	аннет#9799	0	0	32	0	32
16	дарья#8453	2	28	0	2	32
17	настя#5104	1	14	15	0	30
18	Евгений#7873	0	30	0	0	30
19	три пять#3924	0	12	16	0	28
20	апуш#7532	0	27	0	0	27
21	Владимир#761	0	25	0	0	25
22	денис#9275	0	24	0	0	24
23	костя#9206	2	9	12	0	23
24	гилева виктория#1338	0	0	23	0	23
25	гилева виктория#1695	0	22	0	0	22
26	лапа#9296	0	22	0	0	22
27	р#5000	0	3	18	0	21
28	змееносец#1373	0	0	21	0	21
29	александр#1634	2	18	0	0	20
30	сончес#4399	0	8	4	8	20
31	Артемий разработчик#7212	4	0	15	0	19
32	шоколадка#7014	0	18	1	0	19
33	7#1024	19	0	0	0	19
34	верона#1144	0	17	0	1	18
35	роза#8551	4	0	14	0	18
36	Викторина 🎯#4660	0	0	0	18	18
37	ghghghg9276	1	2	10	4	17
38	Лиса#5585	0	17	0	0	17
39	эль мульда гульдана#2066	4.5	7	4	1	16.5
40	Создатель навыка#2814	0	12	3	0	15
41	сосок двадцать девять#5890	0	15	0	0	15
42	я#9075	0	15	0	0	15
43	ржут#9802	0	14	0	0	14
44	я не сдаю историю#57	0	14	0	0	14
45	админ#2226	0	12	1	0	13
46	Лиза #6991	0	13	0	0	13
47	Перчик #9638	3	10	0	0	13
48	катюшка#4352	0	9	3	0	12
49	никита#1698	0	0	11	0	11
50	эри королевская#4058	0	9	2	0	11
51	владимир#8910	0	6	5	0	11
52	алекс#2647	11	0	0	0	11
53	альбина#1642	0	0	10	0	10
54	шоколадка#4200	0	0	8	0	8
55	простейшего новый год спишь укусила#9066	0	8	0	0	8
56	сережка#153	0	8	0	0	8
57	матрона#864	0	8	0	0	8
58	хер#9608	0	8	0	0	8
59	Даша#5729	1	7	0	0	8
60	молодец#5706	7.5	0	0	0	7.5
61	фиолетовое чайное озеро#6858	0	7	0	0	7
62	катя леонова#6193	1	0	3	3	7
63	ТАК#7507	7	0	0	0	7
64	евгений#4537	0	6	0	0	6
65	апож#1174	0	0	6	0	6
66	бог#2216	0	6	0	0	6
67	говно#5642	0	0	6	0	6
68	мария#5591	0	6	0	0	6
69	karinakarina8#5216	2	0	4	0	6
70	oka1cheva#9187	0	6	0	0	6
71	раз#2441	0	0	5	0	5
72	алексей#1381	0	5	0	0	5
73	Нил#1019	0	5	0	0	5
74	егор#2875	0	5	0	0	5
75	ага#2781	0	5	0	0	5
76	жучка#6213	0	3	2	0	5
77	балда#4583	0	4	1	0	5
78	фиолетовое чайное озеро#7248	0	5	0	0	5
79	зара#6929	2	3	0	0	5
80	а?#9963	0	4	0	0	4
81	ник#8941	0	4	0	0	4
82	сергей#5604	0	4	0	0	4
83	вася#1782	0	4	0	0	4
84	андрей#6098	0	4	0	0	4
85	Test	1	2	0	0	3
86	Аааааааааа#2137	0	3	0	0	3
87	Ресурсы 📎#8463	0	3	0	0	3
88	три пять#7473	0	3	0	0	3
89	кукуруза#628	0	0	3	0	3
90	Хаким#2766	3	0	0	0	3
91	frost#5864	0	3	0	0	3
92	толя иванов#2374	0	0	3	0	3
93	wordax#4713	0	3	0	0	3
94	никелодеон#7556	3	0	0	0	3
95	Полина#5406	0	0	3	0	3
96	лох#6486	1	1	0	0	2
97	лохнесское чудовище#4868	0	2	0	0	2
98	лохнесское чудовище#4868	0	2	0	0	2
99	даниил хромов#3603	0	2	0	0	2
100	ауф#3643	2	0	0	0	2
101	Иван#9561	0	2	0	0	2
102	уверена#1097	0	2	0	0	2
103	анатолий#5828	0	2	0	0	2
104	Даты 🕰#2757	2	0	0	0	2
105	настя#8739	1	0	1	0	2
106	аркадий#516	2	0	0	0	2
107	меня зовут егор#2137	0	2	0	0	2
108	вася#5831	0	2	0	0	2
109	леха#2158	2	0	0	0	2
110	ебаный шашлык#1984	0	2	0	0	2
111	барбос#7822	0	0	2	0	2
112	вася#7675	0	2	0	0	2
113	сончик#556	0	0	2	0	2
114	емамото#7839	2	0	0	0	2
115	оля#9655	0	0	0	2	2
116	меня зовут женя#3122	0	0	2	0	2
117	Perchatka_test	1	0	0	0	1
118	Артемий Перчатка#7116	1	0	0	0	1
119	помощь#3781	0	1	0	0	1
120	валерия александровна#8095	0	1	0	0	1
121	ежик двадцать пять тридцать два#9943	1	0	0	0	1
122	tat#8397	1	0	0	0	1
123	алексей#372	1	0	0	0	1
124	вика#2765	0	0	1	0	1
125	матрона#8283	0	0	1	0	1
126	але#4792	0	1	0	0	1
127	женя#9834	0	0	1	0	1
128	Хммми#1671	0	1	0	0	1
129	вито#2140	1	0	0	0	1
130	сос#9205	0	1	0	0	1
131	Jabs Foster#8784	1	0	0	0	1
132	димасик#7615	0	0	1	0	1
133	коля#3887	0	1	0	0	1
134	и#929	1	0	0	0	1
135	сатана#5208	1	0	0	0	1
136	алекс#6856	1	0	0	0	1
137	Нет#9611	0	0	1	0	1
138	пловец#6935	1	0	0	0	1
139	данек#9552	1	0	0	0	1
140	Анальный Аннигилятор#3008	1	0	0	0	1
141	арина#9026	0	1	0	0	1
142	е#2070	0	1	0	0	1
143	а#2263	0	1	0	0	1
144	боб#4227	0	0	0	0	0
145	Артемий (дважды)#5344	0	0	0	0	0
146	ц#6893	0	0	0	0	0
147	john814	0	0	0	0	0
148	John6684	0	0	0	0	0
149	Soul2866	0	0	0	0	0
150	Soup7739	0	0	0	0	0
151	Ф111	0	0	0	0	0
152	Q849	0	0	0	0	0
153	bob#5927	0	0	0	0	0
154	bob#2395	0	0	0	0	0
155	п#484	0	0	0	0	0
156	ртюпдо#3182	0	0	0	0	0
157	лена#4923	0	0	0	0	0
158	Бобби#9772	0	0	0	0	0
159	Джонни#9314	0	0	0	0	0
160	Артем :)#7452	0	0	0	0	0
161	0	0	0	0	0	0
162	куни#8700	0	0	0	0	0
163	сохранение#9294	0	0	0	0	0
164	пасха#1888	0	0	0	0	0
165	ник#6056	0	0	0	0	0
166	давай все поиграем#1326	0	0	0	0	0
167	Anna1904#9207	0	0	0	0	0
168	авпмап#437	0	0	0	0	0
169	вот#236	0	0	0	0	0
170	0	0	0	0	0	0
171	три пять#2038	0	0	0	0	0
172	ок #7524	0	0	0	0	0
173	альбина#4079	0	0	0	0	0
174	алексей#2668	0	0	0	0	0
175	лиса#210	0	0	0	0	0
176	алексей#9308	0	0	0	0	0
177	нво#3283	0	0	0	0	0
178	что такое nickname#5484	0	0	0	0	0
179	кукуруза#8110	0	0	0	0	0
180	свой к ним#5095	0	0	0	0	0
181	валерия#983	0	0	0	0	0
182	марина#9903	0	0	0	0	0
183	Кирилл #7865	0	0	0	0	0
184	написать имя#7949	0	0	0	0	0
185	ник#1194	0	0	0	0	0
186	ани лорак#6897	0	0	0	0	0
187	олеся#9194	0	0	0	0	0
188	алёна#6429	0	0	0	0	0
189	данил#9205	0	0	0	0	0
190	кристина#9706	0	0	0	0	0
191	мило#3502	0	0	0	0	0
192	кот#229	0	0	0	0	0
193	Привет Приветов#879	0	0	0	0	0
194	hfvxhszuHxhxxgjshjs#5056	0	0	0	0	0
195	владимир соловьев лучший#6028	0	0	0	0	0
196	михаил#9985	0	0	0	0	0
197	е#2997	0	0	0	0	0
198	путин#4494	0	0	0	0	0
199	киров азаново#2962	0	0	0	0	0
200	Лёха#2052	0	0	0	0	0
201	Николай Дроздов#6584	0	0	0	0	0
202	Урус#5637	0	0	0	0	0
203	артем#9165	0	0	0	0	0
204	Ибрагим#7607	0	0	0	0	0
205	василий хромов#2053	0	0	0	0	0
206	айсель#420	0	0	0	0	0
207	дима#8192	0	0	0	0	0
208	настя#911	0	0	0	0	0
209	никнейм#9683	0	0	0	0	0
210	оно#8595	0	0	0	0	0
211	Боб#4004	0	0	0	0	0
212	рожки да ножки#3453	0	0	0	0	0
213	Diuo#5487	0	0	0	0	0
214	настя#6471	0	0	0	0	0
215	Развлечения 🎮#1372	0	0	0	0	0
216	пика#2673	0	0	0	0	0
217	а я нет#8896	0	0	0	0	0
218	кристина#7941	0	0	0	0	0
219	осга#7402	0	0	0	0	0
220	дом#9226	0	0	0	0	0
221	мне шесть лет#9889	0	0	0	0	0
222	алиса покажи секс#6807	0	0	0	0	0
223	ты не хочешь#2736	0	0	0	0	0